PROW953_R1 PROW953_R1 0.326126 0.0229797 -0.0508065 -0.0271915 0.0177278 -0.263518 -0.0519142 0.211991 0.685288 -0.407616 -0.229868 -0.28947
PROW953_R5 PROW953_R5 0.156952 0.0755207 0.0109847 0.232221 -0.066653 0.0566914 -0.084718 -0.898962 0.0976129 -0.0150477 0.000534523 -0.287914
PROW954_R20 PROW954_R20 0.297663 0.00848641 -0.00955456 -0.000152636 0.0175778 -0.208914 0.0220938 0.0580711 -0.712454 -0.400747 -0.333155 -0.290239
PROW981_R1 PROW981_R1 0.0699579 -0.212129 -0.132439 -0.290714 -0.125415 0.59224 -0.620662 0.111857 -0.0298773 -0.0110304 -0.0109228 -0.28759
PROW984_R1 PROW984_R1 0.126628 0.11593 0.0340985 -0.0573063 0.242616 0.607168 0.668847 0.0721867 0.0498061 -0.0162006 -0.0331863 -0.286621
PROW953_R20 PROW953_R20 -0.222283 0.113259 0.492819 0.692608 -0.102647 0.123745 -0.171178 0.278703 -0.00348347 0.000883968 0.000426229 -0.28696
PROW954_R1 PROW954_R1 0.313431 0.00222724 -0.0548298 0.0066049 0.0225062 -0.205523 -0.0100459 0.121136 -0.0040836 0.819512 -0.291329 -0.291024
PROW984_R5 PROW984_R5 -0.343369 0.497329 0.419787 -0.554476 0.148059 -0.166323 -0.107458 -0.0755716 -0.000617 0.0265028 0.00708582 -0.288965
PROW981_R5 PROW981_R5 -0.231208 -0.538945 0.200981 -0.214654 -0.596883 -0.136798 0.330011 -0.0392857 0.026571 0.00574708 0.0299172 -0.287305
PROW954_R5 PROW954_R5 0.319482 0.0173022 -0.0453557 0.00106924 0.0574267 -0.18484 -0.00224532 0.124764 -0.0928192 0.0120779 0.865421 -0.291246
PROW984_R20 PROW984_R20 -0.412163 0.381451 -0.698271 0.131761 -0.283268 -0.0476597 0.0730624 0.0871676 -0.0213981 -0.00857736 0.00448779 -0.289264
PROW981_R20 PROW981_R20 -0.410513 -0.488695 -0.162399 0.0830879 0.669007 -0.154699 -0.0431388 -0.055356 0.00897508 -0.00920142 -0.0125112 -0.287455
