PROW953_R1 PROW953_R1 0.343706 -0.0290099 0.00194628 0.040821 -0.267609 0.0996002 -0.0339974 -0.0366557 0.649968 0.523578 0.124949 -0.288299
PROW953_R5 PROW953_R5 0.104441 -0.0981351 -0.283942 -0.369103 0.51 0.0732743 -0.258294 0.586752 0.058187 -0.00253705 -0.00500952 -0.287615
PROW954_R20 PROW954_R20 0.31187 -0.0271775 -0.0213414 0.00736653 -0.160438 0.051151 -0.0304334 -0.0101241 -0.744267 0.397382 0.276453 -0.289536
PROW981_R1 PROW981_R1 0.0646949 0.305095 0.297685 0.00854434 0.439965 0.293305 0.667068 -0.0792789 0.0170513 0.00128645 -0.00604715 -0.287839
PROW984_R1 PROW984_R1 0.0772458 -0.122087 0.218053 0.26386 0.344372 -0.797825 -0.0686376 -0.135875 0.0395913 0.0245087 0.0185969 -0.284879
PROW953_R20 PROW953_R20 -0.270687 -0.22382 -0.451795 -0.513988 -0.0701407 -0.155482 0.271654 -0.472867 0.0177046 0.00517241 0.00410605 -0.285446
PROW954_R1 PROW954_R1 0.343519 -0.00752285 -0.0464181 0.0571516 -0.21368 0.0528527 -0.0197656 -0.0309085 0.0874886 -0.730213 0.446181 -0.294578
PROW984_R5 PROW984_R5 -0.317269 -0.434946 0.653163 -0.202674 -0.0508387 0.264491 -0.276672 -0.0800633 -0.0111724 -0.0465454 -0.00865032 -0.29086
PROW981_R5 PROW981_R5 -0.231171 0.58091 -0.141666 0.142128 0.159542 0.178507 -0.534585 -0.378017 0.00010275 0.00617162 -0.0192481 -0.287105
PROW954_R5 PROW954_R5 0.339056 -0.0334729 -0.0353184 0.0487003 -0.209013 0.0329298 -0.0121781 -0.0211598 -0.101083 -0.177845 -0.841399 -0.291779
PROW984_R20 PROW984_R20 -0.397953 -0.336303 -0.33127 0.66186 -0.0156222 0.19348 0.154184 0.186473 -0.00610067 0.016548 0.0075896 -0.290074
PROW981_R20 PROW981_R20 -0.380581 0.435653 0.137122 -0.152281 -0.455891 -0.303703 0.145174 0.469514 -0.00404865 -0.000490861 0.00193897 -0.285938
