PROW953_R1 PROW953_R1 0.325123 0.0119318 0.0583835 0.0396423 0.0286209 -0.187175 0.113062 0.200612 0.51056 -0.674715 0.0230257 -0.289567
PROW953_R5 PROW953_R5 0.144243 0.09769 -0.1487 0.139636 -0.130351 -0.0324917 -0.0850536 -0.902317 0.062833 -0.0419343 -0.0126252 -0.287608
PROW954_R20 PROW954_R20 0.303876 0.0134265 0.0120442 0.0249394 0.0117812 -0.144918 0.155173 0.0844902 -0.803209 -0.233168 0.265726 -0.29023
PROW981_R1 PROW981_R1 0.0577866 -0.243795 0.245773 -0.148499 -0.0886755 0.0356461 -0.866554 0.101271 -0.0425074 -0.00137052 0.00255206 -0.287486
PROW984_R1 PROW984_R1 0.11613 0.104704 -0.016988 -0.11312 0.272615 0.891075 0.0989368 0.0280207 0.0234408 -0.0195372 0.0210808 -0.286677
PROW953_R20 PROW953_R20 -0.226297 0.188074 -0.794967 0.207779 -0.205023 1.55729e-05 -0.179856 0.285222 0.00594695 0.0114591 0.00383869 -0.286982
PROW954_R1 PROW954_R1 0.326662 0.0125924 0.0481224 0.0485533 0.043744 -0.166072 0.109209 0.118873 0.286833 0.626059 0.5234 -0.291099
PROW984_R5 PROW984_R5 -0.334109 0.447551 0.056928 -0.728414 0.105203 -0.231141 0.0622283 -0.0472167 0.0119648 0.00705528 3.50046e-05 -0.288883
PROW981_R5 PROW981_R5 -0.223242 -0.568279 0.0482809 -0.221027 -0.592454 0.118094 0.356003 0.00140293 0.0299439 0.0210759 -0.0200218 -0.287418
PROW954_R5 PROW954_R5 0.324398 0.0168112 0.0275534 0.0381497 0.0680894 -0.142738 0.116869 0.12464 -0.0647905 0.308782 -0.808483 -0.291336
PROW984_R20 PROW984_R20 -0.411603 0.379949 0.51888 0.534791 -0.188237 0.0441189 0.0488985 0.0842634 -0.0182172 0.00773614 -0.00929152 -0.289195
PROW981_R20 PROW981_R20 -0.41266 -0.465099 -0.0615331 0.176166 0.673634 -0.174215 0.0653162 -0.0839672 -0.00145951 -0.0164257 0.0124249 -0.287572
