PROW953_R1 PROW953_R1 0.14357 -0.314305 -0.193974 -0.0169037 -0.109678 -0.00141984 -0.0170978 0.0692044 -0.494885 0.590509 0.358039 -0.322137
PROW953_R5 PROW953_R5 0.0183034 -0.186623 -0.0709858 0.667888 0.647979 0.0312451 0.0975722 0.0556616 -0.0457752 0.0144863 -0.223397 -0.167452
PROW954_R20 PROW954_R20 0.0815411 -0.195118 -0.115902 -0.0100079 -0.0527017 0.0648107 -0.0763163 -0.92527 0.125837 -0.021414 -0.0948389 -0.218016
PROW981_R1 PROW981_R1 0.761033 0.374808 0.0481136 -0.228209 0.12512 -0.104703 0.0892392 0.0530689 -0.0720288 0.0154338 -0.314779 -0.289903
PROW984_R1 PROW984_R1 -0.0652934 -0.464626 0.799216 -0.211196 0.0300648 0.0327869 0.046021 0.0528431 -0.0540483 0.00383005 -0.217204 -0.198764
PROW953_R20 PROW953_R20 -0.0879873 0.048792 -0.0455099 0.0830255 -0.110742 0.00120902 -0.901083 0.129424 -0.0884837 -0.00358343 -0.31851 -0.175086
PROW954_R1 PROW954_R1 0.148833 -0.306407 -0.178106 -0.0122385 -0.112172 -0.0401114 -0.0217131 0.273703 0.801816 0.141579 0.0879357 -0.303033
PROW984_R5 PROW984_R5 -0.459581 -0.00169619 -0.366732 -0.578858 0.369786 -0.00621239 0.13345 0.0662402 -0.0490191 0.0225423 -0.287338 -0.273428
PROW981_R5 PROW981_R5 -0.0850742 0.0792301 -0.0997687 0.195929 -0.457347 0.673325 0.285327 0.113945 -0.0744043 -0.0162011 -0.358268 -0.216935
PROW954_R5 PROW954_R5 0.127919 -0.295364 -0.188288 -0.0146837 -0.095904 -0.076532 0.00904367 0.127963 -0.238418 -0.791232 0.240578 -0.297405
PROW984_R20 PROW984_R20 -0.272029 0.162017 0.0361325 0.268255 -0.376038 -0.696502 0.240114 -0.0271814 -0.0429 0.0491574 -0.223791 -0.29535
PROW981_R20 PROW981_R20 -0.224189 0.505885 0.296384 0.0645988 0.165531 0.191824 -0.0700148 -0.0650412 0.108113 -0.0329487 0.48845 -0.526418
