PROW953_R1 PROW953_R1 -0.392259 -0.13883 -0.0466486 0.236462 -0.00895697 0.157178 0.0617027 0.207262 -0.453053 -0.245457 -0.574901 -0.318121
PROW953_R5 PROW953_R5 -0.311697 0.318456 0.487351 -0.352888 0.496894 0.0992301 -0.0733007 -0.106888 -0.240958 -0.0684554 0.252754 -0.198017
PROW954_R20 PROW954_R20 -0.196545 -0.109565 0.0209315 0.206184 -0.0927324 -0.0433277 -0.0119732 -0.897125 0.16908 -0.0482416 -0.0750077 -0.233283
PROW981_R1 PROW981_R1 0.237056 -0.686017 0.170888 -0.158878 -0.114767 0.157279 -0.440784 0.0384729 -0.166375 -0.0330589 0.250512 -0.305831
PROW984_R1 PROW984_R1 -0.222316 0.184974 -0.667913 -0.505326 -0.259184 -0.0860696 -0.130674 -0.0722347 -0.201137 -0.0637185 0.18775 -0.195588
PROW953_R20 PROW953_R20 0.0369939 0.459038 0.358423 0.267835 -0.651699 -0.107733 -0.212118 0.108337 -0.110419 -0.0142162 0.164921 -0.234672
PROW954_R1 PROW954_R1 -0.385242 -0.122822 0.00945348 0.0249694 -0.00637896 -0.0728241 0.0488506 0.184559 0.213009 0.808715 0.0109292 -0.307385
PROW984_R5 PROW984_R5 0.233738 0.1473 -0.315505 0.480987 0.479969 -0.366062 -0.298204 0.0496854 -0.117928 0.0114165 0.165783 -0.309014
PROW981_R5 PROW981_R5 0.146478 -0.185065 0.0499258 0.0227199 -0.0698902 -0.265271 0.779387 -0.00284342 -0.269301 -0.0615501 0.341506 -0.256209
PROW954_R5 PROW954_R5 -0.306226 -0.0931613 0.00522891 0.0182153 0.0204025 -0.0995027 0.0300362 0.292542 0.660019 -0.515475 0.167175 -0.266646
PROW984_R20 PROW984_R20 0.243823 0.219578 -0.20018 0.142893 0.0490702 0.809921 0.180389 -0.00546545 0.134815 0.0533206 0.139925 -0.316699
PROW981_R20 PROW981_R20 0.475011 0.154377 0.117784 -0.414094 0.0351804 -0.210413 0.0460241 -0.0141231 0.205333 0.029771 -0.531993 -0.43737
